,Frame,T,Ngrid,x_center,y_center,number_density,mean_velocity_X,mean_velocity_Y,mean_area
0,0.0,0.0,0.0,150.58991392083016,1482.430936197492,16.0,-2.7474849022597625,2.5247721700529384,1458.75
1,0.0,0.0,1.0,303.79579220335336,1482.430936197492,18.0,-2.7114975762468543,2.7326890306188085,1161.0277777777778
2,0.0,0.0,2.0,457.0016704858765,1482.430936197492,18.0,-2.5063078516007398,1.8971114970410605,1042.2777777777778
3,0.0,0.0,3.0,610.2075487683998,1482.430936197492,18.0,-2.592121760132468,1.8658124460374412,1412.0555555555557
4,0.0,0.0,4.0,763.4134270509229,1482.430936197492,21.0,-2.3075907616745743,1.6653926107879717,944.1904761904761
5,0.0,0.0,5.0,916.619305333446,1482.430936197492,21.0,-2.585251426094888,2.603810030732261,1209.0238095238096
6,0.0,0.0,6.0,1069.8251836159693,1482.430936197492,20.0,-2.3360486485849883,2.4606052918979793,1248.3
7,0.0,0.0,7.0,1223.0310618984927,1482.430936197492,20.0,-2.760961603792478,0.3434530966186837,1093.475
8,0.0,0.0,8.0,1376.2369401810158,1482.430936197492,17.0,-4.5477477973936535,3.11768441690749,1283.4411764705883
9,0.0,0.0,9.0,1529.442818463539,1482.430936197492,22.0,-3.4728878477996887,2.982989507523746,1002.8181818181819
10,0.0,0.0,10.0,1682.6486967460621,1482.430936197492,16.0,-2.9638649877997523,1.49194022929332,1303.3125
11,0.0,0.0,11.0,1835.8545750285855,1482.430936197492,18.0,-2.618472601145944,1.4565813259721634,1175.1666666666667
12,0.0,0.0,12.0,150.58991392083016,1329.2250579149688,17.0,-1.6881220484217725,2.247545696125465,1353.5294117647059
13,0.0,0.0,13.0,303.79579220335336,1329.2250579149688,19.0,-1.8771877159217114,3.289644509303846,1233.1842105263158
14,0.0,0.0,14.0,457.0016704858765,1329.2250579149688,20.0,-1.3158616978935072,2.66472208246189,1187.75
15,0.0,0.0,15.0,610.2075487683998,1329.2250579149688,14.0,-2.388499166634818,2.49922276289031,1668.9285714285713
16,0.0,0.0,16.0,763.4134270509229,1329.2250579149688,23.0,-2.2199673902971226,2.9638674470125292,983.6304347826087
17,0.0,0.0,17.0,916.619305333446,1329.2250579149688,19.0,-2.4866184518561365,2.1753955673958614,1215.5
18,0.0,0.0,18.0,1069.8251836159693,1329.2250579149688,17.0,-3.299583954874784,2.7298182170167706,1250.1764705882354
19,0.0,0.0,19.0,1223.0310618984927,1329.2250579149688,21.0,-2.9423349671320964,2.005679155216415,1154.2380952380952
20,0.0,0.0,20.0,1376.2369401810158,1329.2250579149688,18.0,-3.96579236912247,2.5372756873945894,1304.2777777777778
21,0.0,0.0,21.0,1529.442818463539,1329.2250579149688,20.0,-4.089110130586084,3.091923363073363,1275.1
22,0.0,0.0,22.0,1682.6486967460621,1329.2250579149688,19.0,-2.90093772763718,2.5085922303847434,1263.0526315789473
23,0.0,0.0,23.0,1835.8545750285855,1329.2250579149688,15.0,-2.2845498738700827,2.4363037396294507,1454.4333333333334
24,0.0,0.0,24.0,150.58991392083016,1176.0191796324455,21.0,-3.0584636934567833,2.5527843435225,1086.0238095238096
25,0.0,0.0,25.0,303.79579220335336,1176.0191796324455,24.0,-2.2688442344185518,2.085880033139991,955.1666666666666
26,0.0,0.0,26.0,457.0016704858765,1176.0191796324455,18.0,-2.8045416884566112,2.124788318119209,1267.5
27,0.0,0.0,27.0,610.2075487683998,1176.0191796324455,28.0,-1.4852919287747464,2.5206206658101986,889.7678571428571
28,0.0,0.0,28.0,763.4134270509229,1176.0191796324455,21.0,-2.8773499326248837,2.4455988327572413,1079.0238095238096
29,0.0,0.0,29.0,916.619305333446,1176.0191796324455,22.0,-1.7246999273052923,3.44991278561559,1107.1363636363637
30,0.0,0.0,30.0,1069.8251836159693,1176.0191796324455,23.0,-1.8109071297156654,3.3949466383959983,1016.6304347826087
31,0.0,0.0,31.0,1223.0310618984927,1176.0191796324455,21.0,-2.9277102049523234,2.362053303539001,1030.952380952381
32,0.0,0.0,32.0,1376.2369401810158,1176.0191796324455,18.0,-4.041862435935804,3.0720271198082654,1330.7777777777778
33,0.0,0.0,33.0,1529.442818463539,1176.0191796324455,17.0,-3.9950309623443445,3.71140108857277,1403.9411764705883
34,0.0,0.0,34.0,1682.6486967460621,1176.0191796324455,20.0,-3.107699978233349,2.2431288318963483,1130.5
35,0.0,0.0,35.0,1835.8545750285855,1176.0191796324455,17.0,-1.3081760405373055,3.059398858294036,1361.3529411764705
36,0.0,0.0,36.0,150.58991392083016,1022.8133013499222,20.0,-3.2237447956972467,2.055490281481383,1172.0749999999998
37,0.0,0.0,37.0,303.79579220335336,1022.8133013499222,24.0,-2.2639416110487205,0.8166968637883135,1106.5208333333333
38,0.0,0.0,38.0,457.0016704858765,1022.8133013499222,19.0,-2.5666955133673923,2.113931762586484,1237.7368421052631
39,0.0,0.0,39.0,610.2075487683998,1022.8133013499222,21.0,-2.29593813741,2.421292427779268,1114.452380952381
40,0.0,0.0,40.0,763.4134270509229,1022.8133013499222,22.0,-2.61348714698795,3.030779659868296,1138.590909090909
41,0.0,0.0,41.0,916.619305333446,1022.8133013499222,24.0,-1.728714132878543,3.707177962889061,950.6666666666666
42,0.0,0.0,42.0,1069.8251836159693,1022.8133013499222,21.0,-2.4769610161987594,3.703695638573479,1087.547619047619
43,0.0,0.0,43.0,1223.0310618984927,1022.8133013499222,24.0,-3.476996403960527,3.853085904614204,928.2291666666666
44,0.0,0.0,44.0,1376.2369401810158,1022.8133013499222,20.0,-3.447353055098933,3.0277288745692204,1108.4
45,0.0,0.0,45.0,1529.442818463539,1022.8133013499222,23.0,-3.9518512914734423,2.8240422676129464,1109.5217391304348
46,0.0,0.0,46.0,1682.6486967460621,1022.8133013499222,17.0,-3.345566254465599,0.6125002363605077,1356.264705882353
47,0.0,0.0,47.0,1835.8545750285855,1022.8133013499222,20.0,-3.084766190911762,0.9820363015873511,1168.15
48,0.0,0.0,48.0,150.58991392083016,869.6074230673989,17.0,-2.249292555657482,3.6944186905568133,1399.4705882352944
49,0.0,0.0,49.0,303.79579220335336,869.6074230673989,18.0,-2.9324243622704294,2.3113441743538803,1147.4166666666667
50,0.0,0.0,50.0,457.0016704858765,869.6074230673989,17.0,-3.070818989296734,2.212853789316341,1373.2941176470588
51,0.0,0.0,51.0,610.2075487683998,869.6074230673989,18.0,-3.179178884376199,1.5208731827305857,1306.25
52,0.0,0.0,52.0,763.4134270509229,869.6074230673989,19.0,-2.5006383468886857,3.4915253552494985,1189.2631578947367
53,0.0,0.0,53.0,916.619305333446,869.6074230673989,20.0,-1.9650245530882018,3.2942118361268835,1086.525
54,0.0,0.0,54.0,1069.8251836159693,869.6074230673989,19.0,-2.4473500983197924,2.9228654408616364,1383.1578947368423
55,0.0,0.0,55.0,1223.0310618984927,869.6074230673989,18.0,-3.505775331875308,4.2771561131053835,1259.6666666666667
56,0.0,0.0,56.0,1376.2369401810158,869.6074230673989,15.0,-4.062960661023301,2.964911256376119,1431.8333333333333
57,0.0,0.0,57.0,1529.442818463539,869.6074230673989,18.0,-4.309522043556892,2.4494410286388555,1367.861111111111
58,0.0,0.0,58.0,1682.6486967460621,869.6074230673989,18.0,-4.231144422162877,1.7533406724596114,1176.25
59,0.0,0.0,59.0,1835.8545750285855,869.6074230673989,21.0,-2.9920298550702378,1.2333359809766709,1206.404761904762
60,0.0,0.0,60.0,150.58991392083016,716.4015447848757,17.0,-1.5593552609535504,3.4946023582413446,1493.2941176470588
61,0.0,0.0,61.0,303.79579220335336,716.4015447848757,18.0,-1.5022250464033549,2.1656677279752015,1295.5277777777778
62,0.0,0.0,62.0,457.0016704858765,716.4015447848757,20.0,-3.4316542534718137,1.0130259856553607,1140.0
63,0.0,0.0,63.0,610.2075487683998,716.4015447848757,19.0,-3.914543815657315,1.1032502707163723,1215.5263157894738
64,0.0,0.0,64.0,763.4134270509229,716.4015447848757,19.0,-3.1735221776450544,2.475094209755998,1368.0263157894738
65,0.0,0.0,65.0,916.619305333446,716.4015447848757,24.0,-2.1123815850332854,2.7625897447697745,1010.0208333333334
66,0.0,0.0,66.0,1069.8251836159693,716.4015447848757,17.0,-1.617813435952839,2.8987858376064572,1347.4117647058824
67,0.0,0.0,67.0,1223.0310618984927,716.4015447848757,18.0,-2.362163305873739,2.1681492778382423,1285.138888888889
68,0.0,0.0,68.0,1376.2369401810158,716.4015447848757,17.0,-4.096999051548477,3.042972107511961,1406.8235294117646
69,0.0,0.0,69.0,1529.442818463539,716.4015447848757,18.0,-4.592426524486099,3.654467975305061,1418.75
70,0.0,0.0,70.0,1682.6486967460621,716.4015447848757,15.0,-3.83816258556476,2.1296941708776482,1467.3666666666666
71,0.0,0.0,71.0,1835.8545750285855,716.4015447848757,20.0,-2.4276505412053893,1.4508860565398947,1195.525
72,0.0,0.0,72.0,150.58991392083016,563.1956665023525,18.0,-1.6674000437781002,2.5389662746474073,1341.361111111111
73,0.0,0.0,73.0,303.79579220335336,563.1956665023525,16.0,-1.362728041123768,1.4474486488241887,1405.875
74,0.0,0.0,74.0,457.0016704858765,563.1956665023525,22.0,-3.637719416663538,0.6854381064170447,1082.0454545454545
75,0.0,0.0,75.0,610.2075487683998,563.1956665023525,17.0,-4.779212513895224,0.9582081180134276,1506.764705882353
76,0.0,0.0,76.0,763.4134270509229,563.1956665023525,14.0,-4.100221359757378,2.344856325634408,1383.714285714286
77,0.0,0.0,77.0,916.619305333446,563.1956665023525,17.0,-4.6975750748719936,2.687665086172197,1344.5882352941176
78,0.0,0.0,78.0,1069.8251836159693,563.1956665023525,24.0,-2.885306215253346,1.2051795407178265,1041.4583333333333
79,0.0,0.0,79.0,1223.0310618984927,563.1956665023525,22.0,-2.2155632731068575,1.584526077711313,1020.5227272727273
80,0.0,0.0,80.0,1376.2369401810158,563.1956665023525,20.0,-2.9809483683510622,2.7292494086630796,1219.325
81,0.0,0.0,81.0,1529.442818463539,563.1956665023525,20.0,-4.073299373252349,3.361120178593694,1107.3
82,0.0,0.0,82.0,1682.6486967460621,563.1956665023525,21.0,-2.845214783462054,2.2624288993823605,1256.8809523809523
83,0.0,0.0,83.0,1835.8545750285855,563.1956665023525,20.0,-1.3519857030368914,1.266905034045752,1036.775
84,0.0,0.0,84.0,150.58991392083016,409.98978821982917,18.0,-1.968122490824654,2.849687842610665,1339.2222222222222
85,0.0,0.0,85.0,303.79579220335336,409.98978821982917,19.0,-2.3414903580482607,1.4269541610665597,1216.578947368421
86,0.0,0.0,86.0,457.0016704858765,409.98978821982917,20.0,-2.482494712631619,0.12924116194163485,1147.875
87,0.0,0.0,87.0,610.2075487683998,409.98978821982917,18.0,-4.081554827863392,1.333478978343673,1271.9444444444443
88,0.0,0.0,88.0,763.4134270509229,409.98978821982917,17.0,-4.50137303185208,2.472178006596447,1381.5294117647059
89,0.0,0.0,89.0,916.619305333446,409.98978821982917,16.0,-3.934461024869101,2.1639033151764373,1371.03125
90,0.0,0.0,90.0,1069.8251836159693,409.98978821982917,24.0,-2.339560454623168,0.9758914347909974,1036.9583333333333
91,0.0,0.0,91.0,1223.0310618984927,409.98978821982917,29.0,-2.911157528165702,1.4661716850266089,852.3965517241379
92,0.0,0.0,92.0,1376.2369401810158,409.98978821982917,18.0,-3.071787712514682,2.2617441266171516,1264.9166666666667
93,0.0,0.0,93.0,1529.442818463539,409.98978821982917,23.0,-2.451173846847397,1.2831399191199737,986.3913043478261
94,0.0,0.0,94.0,1682.6486967460621,409.98978821982917,23.0,-2.0122406880590646,2.209055540975974,989.0652173913044
95,0.0,0.0,95.0,1835.8545750285855,409.98978821982917,20.0,-1.642740937390022,1.8084676994875395,1292.425
96,0.0,0.0,96.0,150.58991392083016,256.783909937306,17.0,-3.1020895984757253,2.7159504927448985,1325.8235294117646
97,0.0,0.0,97.0,303.79579220335336,256.783909937306,20.0,-2.29164727475802,2.4952654897354156,1079.925
98,0.0,0.0,98.0,457.0016704858765,256.783909937306,15.0,-3.517671570372958,2.5685725344883372,1565.9333333333334
99,0.0,0.0,99.0,610.2075487683998,256.783909937306,19.0,-3.799738047564125,1.411543009475028,1298.9473684210527
100,0.0,0.0,100.0,763.4134270509229,256.783909937306,20.0,-4.0466704258796655,0.9697535128516364,1270.425
101,0.0,0.0,101.0,916.619305333446,256.783909937306,16.0,-3.1369606748803776,2.8879156167282325,1200.25
102,0.0,0.0,102.0,1069.8251836159693,256.783909937306,24.0,-2.586245857946556,1.8774646646423168,1022.1875
103,0.0,0.0,103.0,1223.0310618984927,256.783909937306,24.0,-2.7414563919282955,2.266350617535347,1026.875
104,0.0,0.0,104.0,1376.2369401810158,256.783909937306,21.0,-1.7120937041589361,2.791665519209002,1047.1666666666667
105,0.0,0.0,105.0,1529.442818463539,256.783909937306,19.0,-2.323896755161021,1.428564998149508,1294.342105263158
106,0.0,0.0,106.0,1682.6486967460621,256.783909937306,24.0,-1.712217323699728,1.647375771170804,1010.8125
107,0.0,0.0,107.0,1835.8545750285855,256.783909937306,17.0,-2.086652399159354,3.258228470288916,1311.735294117647
108,0.0,0.0,108.0,150.58991392083016,103.5780316547828,17.0,-2.2751951480584163,2.1771026341773863,1240.6470588235295
109,0.0,0.0,109.0,303.79579220335336,103.5780316547828,16.0,-3.115419648245963,2.278510152240349,1353.40625
110,0.0,0.0,110.0,457.0016704858765,103.5780316547828,14.0,-3.88392031652819,3.068007657747706,1410.6785714285713
111,0.0,0.0,111.0,610.2075487683998,103.5780316547828,15.0,-3.4477893762142005,2.3994807283529833,1441.1333333333334
112,0.0,0.0,112.0,763.4134270509229,103.5780316547828,17.0,-2.846747154607937,1.4368544834003838,1325.7941176470588
113,0.0,0.0,113.0,916.619305333446,103.5780316547828,13.0,-2.9524554896976793,2.289112090356365,1710.8846153846155
114,0.0,0.0,114.0,1069.8251836159693,103.5780316547828,18.0,-2.53218717207878,1.0493644518554552,1137.861111111111
115,0.0,0.0,115.0,1223.0310618984927,103.5780316547828,21.0,-2.5458445062551855,2.967790419144266,1089.5
116,0.0,0.0,116.0,1376.2369401810158,103.5780316547828,17.0,-2.9121013164943257,2.247893691621799,1414.1764705882354
117,0.0,0.0,117.0,1529.442818463539,103.5780316547828,14.0,-2.142268273684668,1.4621211038771287,1270.1785714285713
118,0.0,0.0,118.0,1682.6486967460621,103.5780316547828,15.0,-0.7310425134128461,1.9121725063185404,1594.5666666666666
119,0.0,0.0,119.0,1835.8545750285855,103.5780316547828,25.0,-1.508158075532965,2.063647209233587,965.28
120,1.0,1.0,0.0,150.58991392083016,1482.430936197492,15.0,0.7975580601354569,1.7065837850744932,1459.4333333333334
121,1.0,1.0,1.0,303.79579220335336,1482.430936197492,19.0,-0.4409748877437853,0.8145833925231105,1144.6052631578948
122,1.0,1.0,2.0,457.0016704858765,1482.430936197492,19.0,2.9648951964869728,-0.9236153878420353,1045.6052631578948
123,1.0,1.0,3.0,610.2075487683998,1482.430936197492,19.0,-2.6838294479551212,3.0328546611302603,1301.842105263158
124,1.0,1.0,4.0,763.4134270509229,1482.430936197492,22.0,-0.8648782869522836,-1.237841424442801,874.8181818181819
125,1.0,1.0,5.0,916.619305333446,1482.430936197492,21.0,-1.649124615521308,-0.4349265372164674,1234.6190476190477
126,1.0,1.0,6.0,1069.8251836159693,1482.430936197492,18.0,-1.8797510806396276,-2.961085376202712,1212.888888888889
127,1.0,1.0,7.0,1223.0310618984927,1482.430936197492,19.0,-0.22383018733837975,1.6276639355129718,1193.6052631578948
128,1.0,1.0,8.0,1376.2369401810158,1482.430936197492,18.0,-2.4457976927952054,0.6478764637794888,1230.9166666666667
129,1.0,1.0,9.0,1529.442818463539,1482.430936197492,20.0,-1.0796158390511663,3.040420975676534,1114.0
130,1.0,1.0,10.0,1682.6486967460621,1482.430936197492,17.0,0.9968991787499202,-0.4414740251456003,1314.5294117647059
131,1.0,1.0,11.0,1835.8545750285855,1482.430936197492,18.0,2.234940889807161,1.8585445038392234,1166.5277777777778
132,1.0,1.0,12.0,150.58991392083016,1329.2250579149688,18.0,0.4506957056007547,-2.557409280722835,1349.5277777777778
133,1.0,1.0,13.0,303.79579220335336,1329.2250579149688,18.0,-0.497988516326351,0.528819779806036,1210.2777777777778
134,1.0,1.0,14.0,457.0016704858765,1329.2250579149688,20.0,-0.7608666127942845,0.5088191586286795,1117.05
135,1.0,1.0,15.0,610.2075487683998,1329.2250579149688,13.0,-1.7565613687975201,-0.20388937001763013,1737.8846153846155
136,1.0,1.0,16.0,763.4134270509229,1329.2250579149688,24.0,-2.1975494383128997,0.626437212432819,966.1458333333334
137,1.0,1.0,17.0,916.619305333446,1329.2250579149688,19.0,1.6763572088193601,2.0620137371116876,1221.2631578947369
138,1.0,1.0,18.0,1069.8251836159693,1329.2250579149688,18.0,-1.5230634615602097,-0.15147914267684984,1212.4166666666667
139,1.0,1.0,19.0,1223.0310618984927,1329.2250579149688,20.0,-2.1679097496995383,2.672068094822373,1113.2
140,1.0,1.0,20.0,1376.2369401810158,1329.2250579149688,19.0,-1.0801873456457662,-0.5598633557519741,1299.578947368421
141,1.0,1.0,21.0,1529.442818463539,1329.2250579149688,18.0,-2.402310505174114,2.854245672183159,1177.6944444444443
142,1.0,1.0,22.0,1682.6486967460621,1329.2250579149688,19.0,0.7072405022312296,0.9169410867168861,1275.8684210526317
143,1.0,1.0,23.0,1835.8545750285855,1329.2250579149688,17.0,-1.1281501697611636,0.9712703401158866,1361.3529411764705
144,1.0,1.0,24.0,150.58991392083016,1176.0191796324455,22.0,-1.5742393650847348,-3.5095839005494183,1061.2272727272727
145,1.0,1.0,25.0,303.79579220335336,1176.0191796324455,24.0,-1.5964040986558778,2.145015684170488,982.4583333333334
146,1.0,1.0,26.0,457.0016704858765,1176.0191796324455,21.0,2.474987531179292,-0.8812487059515423,1192.2857142857142
147,1.0,1.0,27.0,610.2075487683998,1176.0191796324455,27.0,0.13641674649432356,0.0012452953909545344,920.0925925925926
148,1.0,1.0,28.0,763.4134270509229,1176.0191796324455,20.0,-2.678670688346989,1.7004686815520358,1105.3
149,1.0,1.0,29.0,916.619305333446,1176.0191796324455,22.0,-0.45113026720001803,1.009382620747901,1118.6818181818182
150,1.0,1.0,30.0,1069.8251836159693,1176.0191796324455,23.0,1.4216081684728628,0.43873650014122334,1047.7608695652175
151,1.0,1.0,31.0,1223.0310618984927,1176.0191796324455,21.0,-2.96167220176689,2.3271490823551737,1011.9285714285714
152,1.0,1.0,32.0,1376.2369401810158,1176.0191796324455,17.0,1.5711735473248742,-1.3074766882528313,1361.4411764705883
153,1.0,1.0,33.0,1529.442818463539,1176.0191796324455,18.0,0.2579729929413909,-0.06618639180529125,1324.0
154,1.0,1.0,34.0,1682.6486967460621,1176.0191796324455,20.0,-0.6699877392991198,-0.5288902214510017,1204.7
155,1.0,1.0,35.0,1835.8545750285855,1176.0191796324455,15.0,-2.0561335411434203,0.7387477964236344,1402.8
156,1.0,1.0,36.0,150.58991392083016,1022.8133013499222,19.0,-1.0209569750478418,0.07387923924251912,1202.5
157,1.0,1.0,37.0,303.79579220335336,1022.8133013499222,25.0,-1.6113037552405114,-1.0869371089064817,1057.24
158,1.0,1.0,38.0,457.0016704858765,1022.8133013499222,18.0,1.8335889288461134,0.9966316611498832,1252.9722222222222
159,1.0,1.0,39.0,610.2075487683998,1022.8133013499222,23.0,-0.44945630273850445,0.5630093153283575,1056.0869565217392
160,1.0,1.0,40.0,763.4134270509229,1022.8133013499222,20.0,2.1724440893877954,-0.3520089354040351,1140.2
161,1.0,1.0,41.0,916.619305333446,1022.8133013499222,24.0,1.2145660783796473,0.95594361016632,992.0416666666666
162,1.0,1.0,42.0,1069.8251836159693,1022.8133013499222,21.0,-1.5568657434359217,-1.1890100484243336,1096.952380952381
163,1.0,1.0,43.0,1223.0310618984927,1022.8133013499222,26.0,-1.4042983791798458,-1.415998394462677,918.3076923076923
164,1.0,1.0,44.0,1376.2369401810158,1022.8133013499222,21.0,-2.5551202748347026,-0.6103376609849885,1122.9761904761904
165,1.0,1.0,45.0,1529.442818463539,1022.8133013499222,22.0,-0.06741151702798023,-0.886222766229852,1152.5
166,1.0,1.0,46.0,1682.6486967460621,1022.8133013499222,17.0,-0.7839713956096361,-0.6083272745587865,1391.1470588235295
167,1.0,1.0,47.0,1835.8545750285855,1022.8133013499222,21.0,0.7524951361004436,1.2336125699825917,1182.857142857143
168,1.0,1.0,48.0,150.58991392083016,869.6074230673989,14.0,-2.1982851781693022,3.7100596369165584,1474.6785714285713
169,1.0,1.0,49.0,303.79579220335336,869.6074230673989,19.0,1.5925786403781113,1.0734093974236345,1163.7631578947369
170,1.0,1.0,50.0,457.0016704858765,869.6074230673989,17.0,-0.3288530726831915,3.703443989205425,1335.9411764705883
171,1.0,1.0,51.0,610.2075487683998,869.6074230673989,18.0,-0.5537963402150202,0.6256886119558216,1317.4444444444443
172,1.0,1.0,52.0,763.4134270509229,869.6074230673989,19.0,0.2547422322188894,2.223016460355762,1227.1315789473683
173,1.0,1.0,53.0,916.619305333446,869.6074230673989,19.0,-0.7015476056417476,3.4982620378804623,1150.4736842105262
174,1.0,1.0,54.0,1069.8251836159693,869.6074230673989,18.0,2.5206714531038807,1.8562374153939218,1380.5555555555557
175,1.0,1.0,55.0,1223.0310618984927,869.6074230673989,17.0,-1.7198224539449845,1.80632257506085,1278.2058823529412
176,1.0,1.0,56.0,1376.2369401810158,869.6074230673989,15.0,-1.2217334328564295,1.6727899712711254,1441.8
177,1.0,1.0,57.0,1529.442818463539,869.6074230673989,19.0,-0.388785434938056,0.48462826487834837,1369.8684210526317
178,1.0,1.0,58.0,1682.6486967460621,869.6074230673989,18.0,0.264170121663066,-0.639119329200235,1246.75
179,1.0,1.0,59.0,1835.8545750285855,869.6074230673989,19.0,0.2035489384883189,-1.5111756218989882,1174.7368421052631
180,1.0,1.0,60.0,150.58991392083016,716.4015447848757,17.0,-2.6552402705207605,2.1567640140481084,1578.1470588235295
181,1.0,1.0,61.0,303.79579220335336,716.4015447848757,17.0,-0.5738452537590386,3.4625390885525764,1321.1764705882354
182,1.0,1.0,62.0,457.0016704858765,716.4015447848757,22.0,0.7204854146405896,2.2461427029748093,1057.090909090909
183,1.0,1.0,63.0,610.2075487683998,716.4015447848757,17.0,-5.336476220132869,-2.719602746993761,1287.3823529411766
184,1.0,1.0,64.0,763.4134270509229,716.4015447848757,20.0,-0.6512964029900218,3.5371983318383853,1358.4
185,1.0,1.0,65.0,916.619305333446,716.4015447848757,23.0,-2.992719346656506,0.5168360598865607,1024.1521739130435
186,1.0,1.0,66.0,1069.8251836159693,716.4015447848757,19.0,1.1130359622084622,1.2830159559310854,1287.3684210526317
187,1.0,1.0,67.0,1223.0310618984927,716.4015447848757,19.0,-0.11358961803548003,0.6698873593893196,1235.921052631579
188,1.0,1.0,68.0,1376.2369401810158,716.4015447848757,17.0,0.8778242610349828,0.43603165316886483,1413.1470588235295
189,1.0,1.0,69.0,1529.442818463539,716.4015447848757,16.0,-0.17488432657563635,0.2600592994858033,1375.90625
190,1.0,1.0,70.0,1682.6486967460621,716.4015447848757,15.0,0.850408382839017,1.2371051345819297,1493.8666666666666
191,1.0,1.0,71.0,1835.8545750285855,716.4015447848757,20.0,-1.2488224233379923,2.836495268995526,1214.8
192,1.0,1.0,72.0,150.58991392083016,563.1956665023525,18.0,-1.3703968660653045,2.584860213072792,1368.4722222222222
193,1.0,1.0,73.0,303.79579220335336,563.1956665023525,16.0,0.8255644012353596,-1.6022135293925324,1329.34375
194,1.0,1.0,74.0,457.0016704858765,563.1956665023525,21.0,-3.3883365520033304,-0.7306209263964818,1086.3333333333333
195,1.0,1.0,75.0,610.2075487683998,563.1956665023525,17.0,-2.251644274562576,3.2343007204338172,1489.1764705882354
196,1.0,1.0,76.0,763.4134270509229,563.1956665023525,17.0,-1.892031037332238,0.5998012034679974,1204.5
197,1.0,1.0,77.0,916.619305333446,563.1956665023525,19.0,-0.6299804707033086,-1.8667899127023408,1343.157894736842
198,1.0,1.0,78.0,1069.8251836159693,563.1956665023525,22.0,-2.940606472657264,-0.6012179801772201,999.8409090909091
199,1.0,1.0,79.0,1223.0310618984927,563.1956665023525,22.0,-0.8183109694851137,0.6213616488513997,1042.6136363636363
200,1.0,1.0,80.0,1376.2369401810158,563.1956665023525,22.0,-0.8399542579387055,3.0935915736141,1163.8181818181818
201,1.0,1.0,81.0,1529.442818463539,563.1956665023525,21.0,-1.2791876019929684,1.608298843735849,1165.547619047619
202,1.0,1.0,82.0,1682.6486967460621,563.1956665023525,20.0,-1.231774009557182,1.6550689309000064,1231.95
203,1.0,1.0,83.0,1835.8545750285855,563.1956665023525,19.0,-2.12267581624865,-1.5550224376585011,1155.4736842105262
204,1.0,1.0,84.0,150.58991392083016,409.98978821982917,19.0,0.9382692065163771,-0.7628064939239427,1281.7631578947369
205,1.0,1.0,85.0,303.79579220335336,409.98978821982917,20.0,0.05627659943036036,0.5712920583861404,1215.85
206,1.0,1.0,86.0,457.0016704858765,409.98978821982917,20.0,-0.044140752760228,0.5999783900050204,1144.975
207,1.0,1.0,87.0,610.2075487683998,409.98978821982917,18.0,-0.2923279293712224,1.6932997685307845,1286.2777777777778
208,1.0,1.0,88.0,763.4134270509229,409.98978821982917,17.0,1.4724351688785324,-2.1758720397514355,1349.3823529411766
209,1.0,1.0,89.0,916.619305333446,409.98978821982917,17.0,-2.033525637146755,0.9989941684289145,1317.2058823529412
210,1.0,1.0,90.0,1069.8251836159693,409.98978821982917,24.0,-1.08914153262548,-0.16320907179182412,1013.3541666666666
211,1.0,1.0,91.0,1223.0310618984927,409.98978821982917,28.0,-1.613061119642761,1.772836542574672,827.1428571428571
212,1.0,1.0,92.0,1376.2369401810158,409.98978821982917,19.0,0.6258758451363663,-3.014175806723056,1256.6842105263158
213,1.0,1.0,93.0,1529.442818463539,409.98978821982917,23.0,-2.2580992855504043,-0.10294816177637901,1015.4565217391304
214,1.0,1.0,94.0,1682.6486967460621,409.98978821982917,21.0,1.848842920054126,2.038140286406057,1010.1190476190476
215,1.0,1.0,95.0,1835.8545750285855,409.98978821982917,20.0,2.6457623953533242,0.3131155245091293,1337.6
216,1.0,1.0,96.0,150.58991392083016,256.783909937306,17.0,-2.2429678376470834,0.6510282490699005,1336.5294117647059
217,1.0,1.0,97.0,303.79579220335336,256.783909937306,18.0,-1.726335703605746,0.5265731866755013,1135.3055555555557
218,1.0,1.0,98.0,457.0016704858765,256.783909937306,15.0,-2.36038806470757,1.7773400677397944,1569.8666666666666
219,1.0,1.0,99.0,610.2075487683998,256.783909937306,21.0,-1.556386686517527,3.122774191908816,1150.1190476190477
220,1.0,1.0,100.0,763.4134270509229,256.783909937306,20.0,-0.8251003796533155,0.26697101672477286,1310.175
221,1.0,1.0,101.0,916.619305333446,256.783909937306,17.0,-2.847608202923432,2.4907936122334,1215.764705882353
222,1.0,1.0,102.0,1069.8251836159693,256.783909937306,23.0,0.5633460196862099,-0.03073755155573419,1036.2608695652175
223,1.0,1.0,103.0,1223.0310618984927,256.783909937306,24.0,-1.2294587876449536,1.5779577113855048,1049.4166666666667
224,1.0,1.0,104.0,1376.2369401810158,256.783909937306,21.0,-0.4203109659926581,0.06276592123856246,1004.6666666666666
225,1.0,1.0,105.0,1529.442818463539,256.783909937306,18.0,-1.7405584431105454,1.5197845493820508,1337.5833333333333
226,1.0,1.0,106.0,1682.6486967460621,256.783909937306,25.0,0.26967373682772217,1.900225896627693,974.02
227,1.0,1.0,107.0,1835.8545750285855,256.783909937306,17.0,-1.8571111099411421,-1.090941482330598,1178.6176470588234
228,1.0,1.0,108.0,150.58991392083016,103.5780316547828,16.0,4.1074108387727195,-2.279361126303833,1271.28125
229,1.0,1.0,109.0,303.79579220335336,103.5780316547828,17.0,0.27057527187733565,2.134087369144704,1285.9705882352941
230,1.0,1.0,110.0,457.0016704858765,103.5780316547828,15.0,-2.4906684654162268,0.6281490652016046,1372.6333333333334
231,1.0,1.0,111.0,610.2075487683998,103.5780316547828,15.0,-1.127602950912842,0.5571896728152571,1450.7000000000003
232,1.0,1.0,112.0,763.4134270509229,103.5780316547828,17.0,-0.5191314382240882,-1.617393299008917,1296.764705882353
233,1.0,1.0,113.0,916.619305333446,103.5780316547828,15.0,-2.716089442534197,0.16707941230520001,1605.5666666666666
234,1.0,1.0,114.0,1069.8251836159693,103.5780316547828,18.0,-0.5623724978939006,0.003444483656117825,1164.1944444444443
235,1.0,1.0,115.0,1223.0310618984927,103.5780316547828,20.0,-2.746448180696416,0.30824063288633674,1099.275
236,1.0,1.0,116.0,1376.2369401810158,103.5780316547828,16.0,-1.407016033137765,0.31515890720557405,1416.53125
237,1.0,1.0,117.0,1529.442818463539,103.5780316547828,14.0,-0.10812837400330214,1.3532687075653804,1329.2142857142858
238,1.0,1.0,118.0,1682.6486967460621,103.5780316547828,16.0,-2.1633510268795515,-0.8029889284573737,1544.21875
239,1.0,1.0,119.0,1835.8545750285855,103.5780316547828,25.0,-1.8864266769223013,1.8938922607858837,968.02
240,2.0,2.0,0.0,150.58991392083016,1482.430936197492,22.0,-1.2914152798848686,-1.2453661891978147,920.0681818181819
241,2.0,2.0,1.0,303.79579220335336,1482.430936197492,20.0,-1.471510449449615,-1.1236359017901174,1070.925
242,2.0,2.0,2.0,457.0016704858765,1482.430936197492,22.0,0.7057928129195234,0.18618070015207064,987.9545454545455
243,2.0,2.0,3.0,610.2075487683998,1482.430936197492,22.0,0.5628353601837375,-2.588636766379557,1088.9772727272727
244,2.0,2.0,4.0,763.4134270509229,1482.430936197492,24.0,-0.3933938501631877,-0.0513107396980207,969.1875
245,2.0,2.0,5.0,916.619305333446,1482.430936197492,28.0,2.8480331731830337,1.6825795683371763,847.1607142857143
246,2.0,2.0,6.0,1069.8251836159693,1482.430936197492,26.0,0.719337178139611,0.5951544669115947,894.6923076923077
247,2.0,2.0,7.0,1223.0310618984927,1482.430936197492,23.0,-0.8374092492518602,-1.8227754245708638,958.7391304347826
248,2.0,2.0,8.0,1376.2369401810158,1482.430936197492,23.0,-3.546621380259429,0.6520557615179491,941.7826086956521
249,2.0,2.0,9.0,1529.442818463539,1482.430936197492,27.0,-0.49288852588317883,1.9420266639931942,891.1481481481482
250,2.0,2.0,10.0,1682.6486967460621,1482.430936197492,27.0,0.37777660610781066,0.7057416565424907,853.8518518518518
251,2.0,2.0,11.0,1835.8545750285855,1482.430936197492,24.0,-1.3750873081833215,0.3307594090504803,931.6666666666666
252,2.0,2.0,12.0,150.58991392083016,1329.2250579149688,24.0,-0.43528039395684054,-0.35046681094865473,1019.7291666666666
253,2.0,2.0,13.0,303.79579220335336,1329.2250579149688,20.0,-0.08252595291748314,3.092109956558488,1113.975
254,2.0,2.0,14.0,457.0016704858765,1329.2250579149688,23.0,0.014443289364052703,-2.2465944646279126,938.1521739130433
255,2.0,2.0,15.0,610.2075487683998,1329.2250579149688,18.0,-1.8990256085970307,-0.24303503803480453,1300.861111111111
256,2.0,2.0,16.0,763.4134270509229,1329.2250579149688,21.0,0.1366619256219738,-1.5017516301642597,1117.5714285714287
257,2.0,2.0,17.0,916.619305333446,1329.2250579149688,22.0,1.537407214478185,1.1185194776928598,1017.3409090909091
258,2.0,2.0,18.0,1069.8251836159693,1329.2250579149688,22.0,0.908433166007955,2.5682352305939036,1189.409090909091
259,2.0,2.0,19.0,1223.0310618984927,1329.2250579149688,18.0,3.87593351207723,1.2742718108977746,1199.111111111111
260,2.0,2.0,20.0,1376.2369401810158,1329.2250579149688,27.0,-0.12548875317284,1.9459253266930658,847.3518518518518
261,2.0,2.0,21.0,1529.442818463539,1329.2250579149688,23.0,0.4323090786163625,0.38206664107446564,968.0434782608696
262,2.0,2.0,22.0,1682.6486967460621,1329.2250579149688,28.0,0.9730159238660386,-0.20868881758041494,831.1071428571429
263,2.0,2.0,23.0,1835.8545750285855,1329.2250579149688,30.0,-1.4461933580085589,-0.37984466588359284,779.25
264,2.0,2.0,24.0,150.58991392083016,1176.0191796324455,23.0,-1.5007580459730048,-2.555119632873584,979.3478260869565
265,2.0,2.0,25.0,303.79579220335336,1176.0191796324455,20.0,-0.7940185259351956,2.1190021984175607,1089.35
266,2.0,2.0,26.0,457.0016704858765,1176.0191796324455,27.0,0.4268722286252829,-0.8150436720873794,1006.0185185185185
267,2.0,2.0,27.0,610.2075487683998,1176.0191796324455,21.0,-0.23768504129857887,-1.8796635916290825,1064.095238095238
268,2.0,2.0,28.0,763.4134270509229,1176.0191796324455,22.0,0.19897880340409446,0.32642092310270765,995.9772727272727
269,2.0,2.0,29.0,916.619305333446,1176.0191796324455,24.0,-0.6850544416618505,1.2568401474526354,1007.6875
270,2.0,2.0,30.0,1069.8251836159693,1176.0191796324455,22.0,-1.1890300856889269,-0.2673628034816261,1048.1363636363637
271,2.0,2.0,31.0,1223.0310618984927,1176.0191796324455,23.0,-1.270120088164298,-1.6389996733436138,989.5217391304348
272,2.0,2.0,32.0,1376.2369401810158,1176.0191796324455,24.0,0.9142009491833744,-2.7557310860067794,946.5416666666666
273,2.0,2.0,33.0,1529.442818463539,1176.0191796324455,26.0,1.4052351078841525,-0.6940045596175424,915.9230769230769
274,2.0,2.0,34.0,1682.6486967460621,1176.0191796324455,25.0,-0.6812510518498853,0.445867736246028,902.08
275,2.0,2.0,35.0,1835.8545750285855,1176.0191796324455,23.0,-2.2951071656599913,-2.080611859572974,968.5
276,2.0,2.0,36.0,150.58991392083016,1022.8133013499222,22.0,-0.6133736392584362,0.20625016637537405,1065.8863636363637
277,2.0,2.0,37.0,303.79579220335336,1022.8133013499222,19.0,0.07581352917276413,-1.1492998368250638,1194.6315789473683
278,2.0,2.0,38.0,457.0016704858765,1022.8133013499222,21.0,2.08442734563028,0.8460728828606534,1002.357142857143
279,2.0,2.0,39.0,610.2075487683998,1022.8133013499222,28.0,-1.9260537812720258,0.81094349583243,820.9285714285714
280,2.0,2.0,40.0,763.4134270509229,1022.8133013499222,26.0,0.15198486849935952,-2.383185338784789,948.7884615384615
281,2.0,2.0,41.0,916.619305333446,1022.8133013499222,28.0,-1.4646850372609423,2.9943873873460007,806.3928571428571
282,2.0,2.0,42.0,1069.8251836159693,1022.8133013499222,28.0,0.3159715578712945,-0.5067224724325394,820.0
283,2.0,2.0,43.0,1223.0310618984927,1022.8133013499222,29.0,-4.040890895769861,-0.38475084285742606,826.6206896551724
284,2.0,2.0,44.0,1376.2369401810158,1022.8133013499222,29.0,0.49191093581142314,1.9577377115025203,837.9655172413793
285,2.0,2.0,45.0,1529.442818463539,1022.8133013499222,26.0,1.4104854073918887,-0.009524845365867597,881.7307692307693
286,2.0,2.0,46.0,1682.6486967460621,1022.8133013499222,22.0,-1.8422856123761966,-1.1390987510261281,1060.7727272727273
287,2.0,2.0,47.0,1835.8545750285855,1022.8133013499222,25.0,2.5993143367436784,1.1157730399188062,980.16
288,2.0,2.0,48.0,150.58991392083016,869.6074230673989,27.0,0.13513741458890652,-0.5437139045173983,879.9814814814815
289,2.0,2.0,49.0,303.79579220335336,869.6074230673989,22.0,1.4053730487904559,0.3569988201644662,1077.090909090909
290,2.0,2.0,50.0,457.0016704858765,869.6074230673989,22.0,0.6502791359301767,1.8877412768043142,1112.409090909091
291,2.0,2.0,51.0,610.2075487683998,869.6074230673989,22.0,-0.06424845712208882,0.1631830654592263,1043.6363636363637
292,2.0,2.0,52.0,763.4134270509229,869.6074230673989,23.0,5.2822088248818435,3.25620721746321,1071.608695652174
293,2.0,2.0,53.0,916.619305333446,869.6074230673989,24.0,1.6526487137129369,2.351647255904521,1015.9791666666666
294,2.0,2.0,54.0,1069.8251836159693,869.6074230673989,23.0,1.0031658958446832,-2.285885600819618,890.4565217391304
295,2.0,2.0,55.0,1223.0310618984927,869.6074230673989,28.0,-0.4206490018007844,-3.711850900572458,890.1607142857143
296,2.0,2.0,56.0,1376.2369401810158,869.6074230673989,26.0,-2.5888339060584693,2.7012358569725383,883.4230769230769
297,2.0,2.0,57.0,1529.442818463539,869.6074230673989,26.0,2.793863028355833,2.8858036218745697,962.1923076923077
298,2.0,2.0,58.0,1682.6486967460621,869.6074230673989,24.0,-0.08280839457146386,-2.2096631672139724,810.8541666666666
299,2.0,2.0,59.0,1835.8545750285855,869.6074230673989,24.0,-0.6107917066368005,0.025302157653072754,1026.6875
300,2.0,2.0,60.0,150.58991392083016,716.4015447848757,25.0,-1.319793294426745,1.395367791738522,1034.32
301,2.0,2.0,61.0,303.79579220335336,716.4015447848757,21.0,-0.02898515205179462,-1.7110023450345146,1214.142857142857
302,2.0,2.0,62.0,457.0016704858765,716.4015447848757,21.0,-1.1886370513515943,1.3925402344560893,1042.857142857143
303,2.0,2.0,63.0,610.2075487683998,716.4015447848757,24.0,-2.793446084368492,-0.47475863190555856,1003.7708333333334
304,2.0,2.0,64.0,763.4134270509229,716.4015447848757,23.0,-2.355172224795944,1.0218612772153728,950.0652173913044
305,2.0,2.0,65.0,916.619305333446,716.4015447848757,24.0,-0.45273018094120515,0.6219406866718202,983.7708333333334
306,2.0,2.0,66.0,1069.8251836159693,716.4015447848757,21.0,0.24054770423699398,-0.4495230738265464,1184.952380952381
307,2.0,2.0,67.0,1223.0310618984927,716.4015447848757,24.0,0.2209189499345874,1.854895590888559,926.2708333333334
308,2.0,2.0,68.0,1376.2369401810158,716.4015447848757,23.0,1.3365877955501333,0.26755103964549676,1036.4565217391305
309,2.0,2.0,69.0,1529.442818463539,716.4015447848757,21.0,-0.24299898131779402,1.4523877764549866,1211.5238095238096
310,2.0,2.0,70.0,1682.6486967460621,716.4015447848757,25.0,-2.98503306318637,0.15198886138560966,928.38
311,2.0,2.0,71.0,1835.8545750285855,716.4015447848757,22.0,-3.40970378051063,1.8993357768639678,1045.5
312,2.0,2.0,72.0,150.58991392083016,563.1956665023525,18.0,0.8547800201976692,0.4268391887129752,1218.9722222222222
313,2.0,2.0,73.0,303.79579220335336,563.1956665023525,24.0,-1.0742673881731595,-2.1132631436899363,1024.0416666666667
314,2.0,2.0,74.0,457.0016704858765,563.1956665023525,21.0,-2.560405040836402,0.8832349531058602,1092.9761904761904
315,2.0,2.0,75.0,610.2075487683998,563.1956665023525,21.0,2.335923676463482,1.5042968447204303,988.6190476190476
316,2.0,2.0,76.0,763.4134270509229,563.1956665023525,22.0,-2.274395900693412,-1.0513007187619394,1254.9545454545455
317,2.0,2.0,77.0,916.619305333446,563.1956665023525,20.0,-0.5953155149596261,1.5656116133770932,1032.275
318,2.0,2.0,78.0,1069.8251836159693,563.1956665023525,23.0,3.196009552976716,-1.179945529506321,1008.5434782608696
319,2.0,2.0,79.0,1223.0310618984927,563.1956665023525,27.0,1.586958188487297,2.484489827307168,864.3333333333334
320,2.0,2.0,80.0,1376.2369401810158,563.1956665023525,23.0,0.1389573391841168,-0.7203149053682665,1132.0217391304348
321,2.0,2.0,81.0,1529.442818463539,563.1956665023525,20.0,-1.1117330644520167,1.6305803262572311,974.4
322,2.0,2.0,82.0,1682.6486967460621,563.1956665023525,24.0,-0.04945814486496725,3.094388957045332,962.0833333333334
323,2.0,2.0,83.0,1835.8545750285855,563.1956665023525,31.0,1.7637546501752366,-0.4714351708095529,835.983870967742
324,2.0,2.0,84.0,150.58991392083016,409.98978821982917,24.0,3.4529509117153037,0.15107568082593884,1043.1458333333333
325,2.0,2.0,85.0,303.79579220335336,409.98978821982917,24.0,-1.8620792115530722,2.980163640092138,895.25
326,2.0,2.0,86.0,457.0016704858765,409.98978821982917,19.0,-2.9140429019789558,0.5559639732821964,1137.7894736842106
327,2.0,2.0,87.0,610.2075487683998,409.98978821982917,20.0,3.0457385672406,-1.2126544456794792,1262.35
328,2.0,2.0,88.0,763.4134270509229,409.98978821982917,21.0,-0.731450532060158,-2.1469512224750487,1089.3095238095239
329,2.0,2.0,89.0,916.619305333446,409.98978821982917,25.0,-2.7510661297678043,0.07291048604191416,938.98
330,2.0,2.0,90.0,1069.8251836159693,409.98978821982917,25.0,1.7675621709085996,1.3412687255466909,957.02
331,2.0,2.0,91.0,1223.0310618984927,409.98978821982917,24.0,-0.5822918307193128,1.1891725432820754,927.1666666666666
332,2.0,2.0,92.0,1376.2369401810158,409.98978821982917,27.0,2.533887247019493,-0.018101583185532698,869.4444444444445
333,2.0,2.0,93.0,1529.442818463539,409.98978821982917,22.0,-1.9208308691607754,-2.15836242240352,1136.0681818181818
334,2.0,2.0,94.0,1682.6486967460621,409.98978821982917,28.0,-0.2791492114024929,1.28970800918835,794.982142857143
335,2.0,2.0,95.0,1835.8545750285855,409.98978821982917,25.0,-0.4834254790253973,-0.45502671186369525,951.56
336,2.0,2.0,96.0,150.58991392083016,256.783909937306,28.0,-0.013527528797940249,0.15394882161468104,837.4285714285714
337,2.0,2.0,97.0,303.79579220335336,256.783909937306,22.0,-1.7403402923426952,-1.6496373970029061,1080.5454545454545
338,2.0,2.0,98.0,457.0016704858765,256.783909937306,18.0,0.8850254250278908,-1.0749917556878141,1339.361111111111
339,2.0,2.0,99.0,610.2075487683998,256.783909937306,17.0,0.9865353650578754,0.8273751424521232,1314.0882352941176
340,2.0,2.0,100.0,763.4134270509229,256.783909937306,22.0,0.139525273333081,-4.221522711384505,1039.909090909091
341,2.0,2.0,101.0,916.619305333446,256.783909937306,22.0,-0.9561369032263117,2.2287031242594986,1103.2045454545455
342,2.0,2.0,102.0,1069.8251836159693,256.783909937306,25.0,2.6002509911879317,-0.9774885334419707,905.7
343,2.0,2.0,103.0,1223.0310618984927,256.783909937306,25.0,3.1887990852212353,0.587838029940333,992.72
344,2.0,2.0,104.0,1376.2369401810158,256.783909937306,23.0,-0.12704580594340986,-2.158931269115765,961.8695652173913
345,2.0,2.0,105.0,1529.442818463539,256.783909937306,23.0,0.6953679459020247,3.5066666725246503,989.3478260869565
346,2.0,2.0,106.0,1682.6486967460621,256.783909937306,29.0,-0.408726547739294,-2.4105011029964336,856.9310344827586
347,2.0,2.0,107.0,1835.8545750285855,256.783909937306,25.0,-1.9901693906401494,2.0352575521793064,903.2
348,2.0,2.0,108.0,150.58991392083016,103.5780316547828,27.0,-0.7392498473165866,-0.9454862618099185,846.5
349,2.0,2.0,109.0,303.79579220335336,103.5780316547828,24.0,-1.6676729774238765,-0.9007282862640568,880.5625
350,2.0,2.0,110.0,457.0016704858765,103.5780316547828,16.0,-1.701501740596632,1.778901455370304,1301.46875
351,2.0,2.0,111.0,610.2075487683998,103.5780316547828,22.0,2.003155097443543,4.301032576560103,1064.2272727272727
352,2.0,2.0,112.0,763.4134270509229,103.5780316547828,22.0,-0.15733333125769491,-1.0841718000079439,994.0681818181819
353,2.0,2.0,113.0,916.619305333446,103.5780316547828,23.0,-0.37603751627580095,1.7511912688201166,1029.9565217391305
354,2.0,2.0,114.0,1069.8251836159693,103.5780316547828,22.0,0.4492978096619546,-0.8186812447538184,1009.8863636363636
355,2.0,2.0,115.0,1223.0310618984927,103.5780316547828,21.0,0.44203390597984554,2.411654878782392,1011.9047619047619
356,2.0,2.0,116.0,1376.2369401810158,103.5780316547828,25.0,-2.365812807720181,1.3645421148727936,927.22
357,2.0,2.0,117.0,1529.442818463539,103.5780316547828,22.0,0.639340084530192,0.9641345744857119,984.5227272727273
358,2.0,2.0,118.0,1682.6486967460621,103.5780316547828,18.0,1.7057615527933574,2.857644939093786,1179.8055555555557
359,2.0,2.0,119.0,1835.8545750285855,103.5780316547828,24.0,-3.872533325154636,-1.6123479604041202,944.125
360,3.0,3.0,0.0,150.58991392083016,1482.430936197492,21.0,0.1944705862861658,-0.33441231430279006,1013.547619047619
361,3.0,3.0,1.0,303.79579220335336,1482.430936197492,29.0,-1.6410333544973263,-1.4404947398728172,786.7758620689655
362,3.0,3.0,2.0,457.0016704858765,1482.430936197492,34.0,0.368640146811515,0.4885012594651064,713.4264705882352
363,3.0,3.0,3.0,610.2075487683998,1482.430936197492,32.0,0.8152871648290951,-1.1239071290976521,691.4375
364,3.0,3.0,4.0,763.4134270509229,1482.430936197492,22.0,-0.7627355942814396,-1.6041116053174684,952.8409090909091
365,3.0,3.0,5.0,916.619305333446,1482.430936197492,29.0,2.9617666866187067,2.498888127007643,740.2241379310345
366,3.0,3.0,6.0,1069.8251836159693,1482.430936197492,31.0,1.2317739031790842,1.8702179039089515,772.7741935483871
367,3.0,3.0,7.0,1223.0310618984927,1482.430936197492,24.0,-1.483073155308411,-2.528124702028555,840.2291666666666
368,3.0,3.0,8.0,1376.2369401810158,1482.430936197492,26.0,-5.0977376580682074,-0.1397665767437632,802.5384615384615
369,3.0,3.0,9.0,1529.442818463539,1482.430936197492,27.0,-0.5609356885919169,1.7774275639600545,832.7777777777778
370,3.0,3.0,10.0,1682.6486967460621,1482.430936197492,32.0,-0.23587125774596643,0.680984225526563,710.859375
371,3.0,3.0,11.0,1835.8545750285855,1482.430936197492,25.0,-3.3828240163625054,-2.6278965057704227,849.5
372,3.0,3.0,12.0,150.58991392083016,1329.2250579149688,30.0,-0.707386177968206,0.1605603685782604,795.8833333333333
373,3.0,3.0,13.0,303.79579220335336,1329.2250579149688,28.0,0.2803386014672807,2.7154271005128305,857.7857142857143
374,3.0,3.0,14.0,457.0016704858765,1329.2250579149688,26.0,-1.3479853412525895,-2.5238358097911617,792.1538461538462
375,3.0,3.0,15.0,610.2075487683998,1329.2250579149688,28.0,-1.390931383012969,-1.213608149555095,906.7321428571429
376,3.0,3.0,16.0,763.4134270509229,1329.2250579149688,29.0,-0.3039650490397488,-2.9401346983697882,822.7241379310345
377,3.0,3.0,17.0,916.619305333446,1329.2250579149688,29.0,1.2975893491711434,1.723917246137944,854.8620689655172
378,3.0,3.0,18.0,1069.8251836159693,1329.2250579149688,27.0,0.3962375304285009,3.333477573848389,860.0370370370371
379,3.0,3.0,19.0,1223.0310618984927,1329.2250579149688,25.0,4.567464797725173,1.3381113862337315,944.4
380,3.0,3.0,20.0,1376.2369401810158,1329.2250579149688,29.0,-0.24048260837132318,2.8432669024371364,861.0172413793103
381,3.0,3.0,21.0,1529.442818463539,1329.2250579149688,26.0,0.16269114949193408,0.6423344166946094,894.5961538461538
382,3.0,3.0,22.0,1682.6486967460621,1329.2250579149688,29.0,0.6677196863090558,0.9160623994703959,800.8620689655172
383,3.0,3.0,23.0,1835.8545750285855,1329.2250579149688,33.0,-1.5526368481472446,0.0941969504635939,746.7424242424242
384,3.0,3.0,24.0,150.58991392083016,1176.0191796324455,31.0,0.7509444901085848,-3.015592538517151,747.6129032258065
385,3.0,3.0,25.0,303.79579220335336,1176.0191796324455,27.0,-3.680601662064301,0.5486261107244478,865.7777777777778
386,3.0,3.0,26.0,457.0016704858765,1176.0191796324455,25.0,0.25843950966088536,-1.11164555439149,894.74
387,3.0,3.0,27.0,610.2075487683998,1176.0191796324455,27.0,0.8298785971191478,-2.3433779074101597,881.3518518518518
388,3.0,3.0,28.0,763.4134270509229,1176.0191796324455,27.0,0.6416783000634135,-0.6095295231102114,866.5555555555555
389,3.0,3.0,29.0,916.619305333446,1176.0191796324455,22.0,1.7528197275091688,-1.241179359617409,1061.4545454545455
390,3.0,3.0,30.0,1069.8251836159693,1176.0191796324455,27.0,-3.375269557079335,3.488179433073583,897.5185185185185
391,3.0,3.0,31.0,1223.0310618984927,1176.0191796324455,26.0,-0.5886272280303113,-3.735328765679977,906.7115384615385
392,3.0,3.0,32.0,1376.2369401810158,1176.0191796324455,33.0,1.384503675431688,-2.0895897356196427,704.8484848484849
393,3.0,3.0,33.0,1529.442818463539,1176.0191796324455,24.0,3.212684132636427,-1.2654642490522705,917.7083333333334
394,3.0,3.0,34.0,1682.6486967460621,1176.0191796324455,23.0,-1.190926891619074,-0.4338831707492166,943.8478260869565
395,3.0,3.0,35.0,1835.8545750285855,1176.0191796324455,28.0,-1.7987835760232227,-1.504299033033236,841.8035714285714
396,3.0,3.0,36.0,150.58991392083016,1022.8133013499222,27.0,-0.343161069865126,-0.39884520592712913,792.7777777777778
397,3.0,3.0,37.0,303.79579220335336,1022.8133013499222,27.0,0.10749819701071033,2.319449753851298,828.1111111111111
398,3.0,3.0,38.0,457.0016704858765,1022.8133013499222,28.0,-0.6289491708901309,1.3922452276405508,820.0714285714286
399,3.0,3.0,39.0,610.2075487683998,1022.8133013499222,27.0,-0.7606670379979786,1.36726990413367,825.6666666666666
400,3.0,3.0,40.0,763.4134270509229,1022.8133013499222,31.0,-0.9194556246364466,-2.1938353203894754,777.4677419354839
401,3.0,3.0,41.0,916.619305333446,1022.8133013499222,30.0,-2.5896088546746525,3.151078564637828,776.5833333333334
402,3.0,3.0,42.0,1069.8251836159693,1022.8133013499222,28.0,0.20049987380854245,-0.7430432563063017,815.2678571428571
403,3.0,3.0,43.0,1223.0310618984927,1022.8133013499222,28.0,-4.961548212239438,1.4656779474926622,792.3928571428571
404,3.0,3.0,44.0,1376.2369401810158,1022.8133013499222,36.0,-0.20088833788352425,1.7243021513437105,685.7777777777778
405,3.0,3.0,45.0,1529.442818463539,1022.8133013499222,26.0,0.2881852206837242,1.452853075864482,835.2115384615385
406,3.0,3.0,46.0,1682.6486967460621,1022.8133013499222,32.0,-1.6171327001501417,-0.5531874447477925,724.5
407,3.0,3.0,47.0,1835.8545750285855,1022.8133013499222,28.0,1.643347853732684,-0.7293518519455423,848.4107142857143
408,3.0,3.0,48.0,150.58991392083016,869.6074230673989,26.0,-0.3685595573263072,1.5180377577910917,919.2884615384615
409,3.0,3.0,49.0,303.79579220335336,869.6074230673989,33.0,-0.7054448940163255,1.6133898469952783,736.9848484848485
410,3.0,3.0,50.0,457.0016704858765,869.6074230673989,27.0,1.0479601520776094,1.441558780435553,888.7407407407408
411,3.0,3.0,51.0,610.2075487683998,869.6074230673989,26.0,-0.25415368842001523,0.3628924209683583,883.1346153846154
412,3.0,3.0,52.0,763.4134270509229,869.6074230673989,24.0,4.183864695614354,4.055520770113193,999.0625
413,3.0,3.0,53.0,916.619305333446,869.6074230673989,27.0,3.4286948980340317,1.901334348787552,886.4629629629629
414,3.0,3.0,54.0,1069.8251836159693,869.6074230673989,29.0,1.7023895476646957,-1.785830411672781,759.8275862068965
415,3.0,3.0,55.0,1223.0310618984927,869.6074230673989,30.0,-0.41452494911591614,-3.8291007725141113,770.4
416,3.0,3.0,56.0,1376.2369401810158,869.6074230673989,28.0,-1.9944105298340191,3.1083626389190746,878.9642857142857
417,3.0,3.0,57.0,1529.442818463539,869.6074230673989,30.0,2.842996534759189,3.8644678691531054,812.9333333333333
418,3.0,3.0,58.0,1682.6486967460621,869.6074230673989,29.0,0.0019416182694499185,-2.1286439443427354,780.448275862069
419,3.0,3.0,59.0,1835.8545750285855,869.6074230673989,27.0,0.2148169594167939,0.15463655111130947,908.1481481481482
420,3.0,3.0,60.0,150.58991392083016,716.4015447848757,24.0,-0.31033196898199167,-0.04438372099444704,942.5625
421,3.0,3.0,61.0,303.79579220335336,716.4015447848757,26.0,0.3713182143183193,-1.3604252347601673,896.4230769230769
422,3.0,3.0,62.0,457.0016704858765,716.4015447848757,27.0,-1.2148157040613696,-0.35708808347477744,863.3333333333334
423,3.0,3.0,63.0,610.2075487683998,716.4015447848757,26.0,-2.0814132092645834,-0.5954267828153174,913.9230769230769
424,3.0,3.0,64.0,763.4134270509229,716.4015447848757,26.0,-2.868757478765594,0.6412934032538323,820.1346153846154
425,3.0,3.0,65.0,916.619305333446,716.4015447848757,29.0,-1.4454053282192525,0.22732410500510158,827.4655172413793
426,3.0,3.0,66.0,1069.8251836159693,716.4015447848757,22.0,1.016764013943048,-0.5267183336616361,978.6363636363636
427,3.0,3.0,67.0,1223.0310618984927,716.4015447848757,32.0,0.019306625620117757,1.360527950989996,741.703125
428,3.0,3.0,68.0,1376.2369401810158,716.4015447848757,30.0,1.1554693225340316,-0.17082268546548676,833.8333333333334
429,3.0,3.0,69.0,1529.442818463539,716.4015447848757,25.0,-1.7831008769053855,3.0058881128603696,854.26
430,3.0,3.0,70.0,1682.6486967460621,716.4015447848757,31.0,-2.0139533584113307,-0.8875534517433927,821.7903225806451
431,3.0,3.0,71.0,1835.8545750285855,716.4015447848757,27.0,-4.633267133849191,1.578893293505568,786.7222222222222
432,3.0,3.0,72.0,150.58991392083016,563.1956665023525,29.0,1.3093485680060544,-0.14365954576797246,863.5689655172414
433,3.0,3.0,73.0,303.79579220335336,563.1956665023525,21.0,-2.235427670746539,-0.32501672142450744,1049.2857142857142
434,3.0,3.0,74.0,457.0016704858765,563.1956665023525,26.0,-2.4173438454407354,0.1420227498861463,952.25
435,3.0,3.0,75.0,610.2075487683998,563.1956665023525,35.0,2.3063508099787384,-0.40889070146306494,666.9142857142857
436,3.0,3.0,76.0,763.4134270509229,563.1956665023525,30.0,-1.9931111141725608,-0.8140277010178532,801.7
437,3.0,3.0,77.0,916.619305333446,563.1956665023525,24.0,-0.7353174807486504,4.667038819578881,987.9166666666666
438,3.0,3.0,78.0,1069.8251836159693,563.1956665023525,28.0,3.875687700019793,-0.8818763031477578,925.9285714285714
439,3.0,3.0,79.0,1223.0310618984927,563.1956665023525,32.0,1.224680891254252,2.9870902006196256,718.4375
440,3.0,3.0,80.0,1376.2369401810158,563.1956665023525,24.0,0.7599973713509965,-1.693945516958081,890.375
441,3.0,3.0,81.0,1529.442818463539,563.1956665023525,25.0,0.2368912712369264,0.031255191692170885,955.88
442,3.0,3.0,82.0,1682.6486967460621,563.1956665023525,24.0,-0.7482725833186318,4.9661806551713505,985.7708333333334
443,3.0,3.0,83.0,1835.8545750285855,563.1956665023525,33.0,3.397919918404322,-0.4619231718049477,703.0757575757576
444,3.0,3.0,84.0,150.58991392083016,409.98978821982917,24.0,3.664194131857332,0.603929365560933,967.4166666666666
445,3.0,3.0,85.0,303.79579220335336,409.98978821982917,22.0,-3.605953991518211,2.352653519662727,1076.8181818181818
446,3.0,3.0,86.0,457.0016704858765,409.98978821982917,25.0,-2.9041448589532237,0.06636372546451241,871.54
447,3.0,3.0,87.0,610.2075487683998,409.98978821982917,24.0,2.5936097296887035,-0.8482120077511913,886.6666666666666
448,3.0,3.0,88.0,763.4134270509229,409.98978821982917,28.0,-1.8967700228861446,-1.8423488705697864,851.8035714285714
449,3.0,3.0,89.0,916.619305333446,409.98978821982917,24.0,-2.226762650448071,-1.6783057354499988,924.5
450,3.0,3.0,90.0,1069.8251836159693,409.98978821982917,31.0,1.844383679702251,1.5991584696621512,794.0806451612904
451,3.0,3.0,91.0,1223.0310618984927,409.98978821982917,33.0,0.017080652428159652,2.057536164273407,712.560606060606
452,3.0,3.0,92.0,1376.2369401810158,409.98978821982917,29.0,1.3084784891465338,0.8421390570706613,793.051724137931
453,3.0,3.0,93.0,1529.442818463539,409.98978821982917,19.0,-2.8371077101217756,-4.690579457349202,1174.2894736842106
454,3.0,3.0,94.0,1682.6486967460621,409.98978821982917,25.0,-0.7760453561506779,1.1792306777327923,880.06
455,3.0,3.0,95.0,1835.8545750285855,409.98978821982917,26.0,0.30254017025583835,-1.6145875445382325,943.3846153846154
456,3.0,3.0,96.0,150.58991392083016,256.783909937306,28.0,0.3260317456762066,-0.038683585740627566,760.0892857142857
457,3.0,3.0,97.0,303.79579220335336,256.783909937306,25.0,-0.8273311967889274,-0.6410170704842653,921.06
458,3.0,3.0,98.0,457.0016704858765,256.783909937306,22.0,2.882167298107782,-2.0632953057015175,1185.5454545454545
459,3.0,3.0,99.0,610.2075487683998,256.783909937306,30.0,0.9931143944369675,0.5225146704786122,770.3666666666667
460,3.0,3.0,100.0,763.4134270509229,256.783909937306,31.0,2.9314547053914777,-2.745198672728443,758.7258064516129
461,3.0,3.0,101.0,916.619305333446,256.783909937306,25.0,-0.756175519186435,3.651698309804962,927.42
462,3.0,3.0,102.0,1069.8251836159693,256.783909937306,27.0,3.5175883242143744,0.31477339929663767,857.6111111111111
463,3.0,3.0,103.0,1223.0310618984927,256.783909937306,28.0,2.583445382467277,1.13518644429669,860.875
464,3.0,3.0,104.0,1376.2369401810158,256.783909937306,31.0,-0.6684737028921885,-2.6039426103703653,726.3387096774194
465,3.0,3.0,105.0,1529.442818463539,256.783909937306,27.0,-0.007634361756054709,3.7908905428797133,898.3703703703703
466,3.0,3.0,106.0,1682.6486967460621,256.783909937306,29.0,-0.6130688594230594,-2.0664603948128435,839.8965517241379
467,3.0,3.0,107.0,1835.8545750285855,256.783909937306,29.0,-1.7195722660716315,0.6003857111255684,787.2241379310345
468,3.0,3.0,108.0,150.58991392083016,103.5780316547828,17.0,-2.8478972697576883,-0.3672302645583858,997.7941176470588
469,3.0,3.0,109.0,303.79579220335336,103.5780316547828,24.0,-1.9650410045346831,0.7847003662843957,980.6041666666666
470,3.0,3.0,110.0,457.0016704858765,103.5780316547828,18.0,-1.30763734975136,1.142185589933545,1154.1666666666667
471,3.0,3.0,111.0,610.2075487683998,103.5780316547828,24.0,0.7733673665021408,4.1494704476416056,984.6041666666666
472,3.0,3.0,112.0,763.4134270509229,103.5780316547828,28.0,-0.709083751001023,-1.3597727045956396,855.8571428571429
473,3.0,3.0,113.0,916.619305333446,103.5780316547828,24.0,1.1628577120187953,0.8652121579421846,813.4166666666666
474,3.0,3.0,114.0,1069.8251836159693,103.5780316547828,28.0,-0.0061938865896179,-1.0234320050298737,798.7321428571429
475,3.0,3.0,115.0,1223.0310618984927,103.5780316547828,29.0,2.087994983876456,1.5206298268743852,811.7068965517242
476,3.0,3.0,116.0,1376.2369401810158,103.5780316547828,26.0,-2.104940357215877,2.231075911497948,800.6538461538462
477,3.0,3.0,117.0,1529.442818463539,103.5780316547828,26.0,1.9240349843304898,-0.1087198699918428,886.4615384615385
478,3.0,3.0,118.0,1682.6486967460621,103.5780316547828,19.0,2.731029197484122,3.672965611448234,1058.578947368421
479,3.0,3.0,119.0,1835.8545750285855,103.5780316547828,29.0,-4.193037220699443,-2.330404501415081,760.2931034482758
